wX_0
 0.00  273.31  264.88  264.67  
273.31   0.00  274.86  261.02  
264.88  274.86   0.00  228.53  
264.67  261.02  228.53   0.00  

wX_1
 0.00  273.87  180.61  196.70  
273.87   0.00  294.00  286.05  
180.61  294.00   0.00  196.38  
196.70  286.05  196.38   0.00  

wX_2
 0.00  235.72  239.16  219.29  
235.72   0.00  217.36  196.15  
239.16  217.36   0.00  160.94  
219.29  196.15  160.94   0.00  

wX_3
 0.00  418.36  400.86  403.68  
418.36   0.00  151.73  179.96  
400.86  151.73   0.00  194.92  
403.68  179.96  194.92   0.00  

wX_4
 0.00  350.88  346.82  410.43  
350.88   0.00  266.17  295.99  
346.82  266.17   0.00  206.22  
410.43  295.99  206.22   0.00  

wX_5
 0.00  189.45  197.72  271.57  
189.45   0.00  188.26  304.74  
197.72  188.26   0.00  262.51  
271.57  304.74  262.51   0.00  

