wX_0
 0.00  331.14  314.56  364.04  329.59  345.17  415.04  361.29  391.93  412.04  
331.14   0.00  264.61  310.14  312.17  302.03  344.68  340.38  340.80  374.16  
314.56  264.61   0.00  330.91  310.99  314.55  357.53  308.80  348.62  351.15  
364.04  310.14  330.91   0.00  292.93  273.61  305.89  386.84  320.92  331.30  
329.59  312.17  310.99  292.93   0.00  286.71  353.07  366.43  314.38  326.41  
345.17  302.03  314.55  273.61  286.71   0.00  323.02  357.73  323.22  322.65  
415.04  344.68  357.53  305.89  353.07  323.02   0.00  420.12  339.37  336.01  
361.29  340.38  308.80  386.84  366.43  357.73  420.12   0.00  400.40  357.86  
391.93  340.80  348.62  320.92  314.38  323.22  339.37  400.40   0.00  332.73  
412.04  374.16  351.15  331.30  326.41  322.65  336.01  357.86  332.73   0.00  

wX_1
 0.00  297.37  302.56  239.67  340.00  296.82  313.85  316.91  276.19  334.37  
297.37   0.00  238.99  259.20  290.17  306.19  283.27  232.65  258.41  275.56  
302.56  238.99   0.00  214.34  278.51  312.17  231.03  281.27  223.21  304.05  
239.67  259.20  214.34   0.00  281.66  280.00  236.77  291.16  231.98  322.15  
340.00  290.17  278.51  281.66   0.00  323.11  302.96  308.71  283.17  327.71  
296.82  306.19  312.17  280.00  323.11   0.00  282.65  298.34  279.22  340.45  
313.85  283.27  231.03  236.77  302.96  282.65   0.00  265.85  235.57  306.89  
316.91  232.65  281.27  291.16  308.71  298.34  265.85   0.00  252.53  275.49  
276.19  258.41  223.21  231.98  283.17  279.22  235.57  252.53   0.00  259.36  
334.37  275.56  304.05  322.15  327.71  340.45  306.89  275.49  259.36   0.00  

wX_2
 0.00  313.11  314.96  375.48  346.44  355.54  329.23  339.08  291.15  370.41  
313.11   0.00  326.52  378.86  332.59  328.65  337.74  325.83  312.02  390.85  
314.96  326.52   0.00  339.93  282.78  304.70  288.57  286.31  305.37  339.80  
375.48  378.86  339.93   0.00  312.32  296.42  325.42  297.27  405.73  375.86  
346.44  332.59  282.78  312.32   0.00  313.29  255.07  251.17  334.61  318.37  
355.54  328.65  304.70  296.42  313.29   0.00  328.54  291.85  387.70  351.81  
329.23  337.74  288.57  325.42  255.07  328.54   0.00  274.99  319.36  324.62  
339.08  325.83  286.31  297.27  251.17  291.85  274.99   0.00  341.72  291.95  
291.15  312.02  305.37  405.73  334.61  387.70  319.36  341.72   0.00  349.43  
370.41  390.85  339.80  375.86  318.37  351.81  324.62  291.95  349.43   0.00  

wX_3
 0.00  275.51  278.67  294.90  297.75  325.48  355.91  369.12  322.80  294.97  
275.51   0.00  239.34  262.82  266.35  312.70  322.05  311.57  292.50  289.54  
278.67  239.34   0.00  266.40  268.72  345.08  312.97  305.91  292.00  301.67  
294.90  262.82  266.40   0.00  324.81  345.83  364.07  330.32  327.00  324.90  
297.75  266.35  268.72  324.81   0.00  273.11  259.47  282.83  253.02  258.35  
325.48  312.70  345.08  345.83  273.11   0.00  250.63  313.56  268.12  285.44  
355.91  322.05  312.97  364.07  259.47  250.63   0.00  283.61  221.45  283.69  
369.12  311.57  305.91  330.32  282.83  313.56  283.61   0.00  245.28  302.32  
322.80  292.50  292.00  327.00  253.02  268.12  221.45  245.28   0.00  252.19  
294.97  289.54  301.67  324.90  258.35  285.44  283.69  302.32  252.19   0.00  

wX_4
 0.00  328.47  312.09  330.65  343.29  245.85  295.01  324.64  340.80  276.14  
328.47   0.00  168.75  184.06  238.96  323.50  337.52  225.82  236.30  378.82  
312.09  168.75   0.00  159.89  227.52  324.40  333.69  221.84  228.36  357.25  
330.65  184.06  159.89   0.00  230.09  327.43  336.18  211.21  218.96  369.40  
343.29  238.96  227.52  230.09   0.00  324.79  335.58  244.80  266.42  391.84  
245.85  323.50  324.40  327.43  324.79   0.00  250.94  334.82  343.41  251.84  
295.01  337.52  333.69  336.18  335.58  250.94   0.00  322.29  350.28  301.39  
324.64  225.82  221.84  211.21  244.80  334.82  322.29   0.00  180.26  375.68  
340.80  236.30  228.36  218.96  266.42  343.41  350.28  180.26   0.00  353.22  
276.14  378.82  357.25  369.40  391.84  251.84  301.39  375.68  353.22   0.00  

wX_5
 0.00  213.43  303.08  296.02  334.75  247.79  290.42  270.38  314.12  280.15  
213.43   0.00  328.77  279.75  373.89  283.60  329.82  246.17  293.52  265.36  
303.08  328.77   0.00  250.48  377.69  288.03  266.10  271.50  261.77  407.62  
296.02  279.75  250.48   0.00  409.81  257.01  213.18  236.12  202.46  358.66  
334.75  373.89  377.69  409.81   0.00  382.37  421.02  395.45  419.28  402.75  
247.79  283.60  288.03  257.01  382.37   0.00  235.21  236.56  245.95  320.26  
290.42  329.82  266.10  213.18  421.02  235.21   0.00  240.43  241.32  384.29  
270.38  246.17  271.50  236.12  395.45  236.56  240.43   0.00  224.14  267.15  
314.12  293.52  261.77  202.46  419.28  245.95  241.32  224.14   0.00  342.55  
280.15  265.36  407.62  358.66  402.75  320.26  384.29  267.15  342.55   0.00  

wX_6
 0.00  598.38  439.42  562.19  586.07  593.72  551.99  427.95  544.17  572.90  
598.38   0.00  625.71  287.44  304.31  307.15  719.31  657.29  740.31  761.15  
439.42  625.71   0.00  580.55  609.22  622.86  526.95  371.61  537.40  539.45  
562.19  287.44  580.55   0.00  64.28  61.29  694.96  593.07  739.01  734.52  
586.07  304.31  609.22  64.28   0.00  42.76  717.79  630.62  755.38  751.69  
593.72  307.15  622.86  61.29  42.76   0.00  703.08  635.22  756.01  742.99  
551.99  719.31  526.95  694.96  717.79  703.08   0.00  515.30  533.05  476.66  
427.95  657.29  371.61  593.07  630.62  635.22  515.30   0.00  521.08  522.14  
544.17  740.31  537.40  739.01  755.38  756.01  533.05  521.08   0.00  470.65  
572.90  761.15  539.45  734.52  751.69  742.99  476.66  522.14  470.65   0.00  

wX_7
 0.00  330.11  333.36  235.96  402.44  376.52  298.47  362.08  363.43  341.13  
330.11   0.00  339.07  304.26  415.87  430.80  427.19  417.14  404.69  446.67  
333.36  339.07   0.00  300.54  249.44  268.33  346.86  251.76  267.07  374.97  
235.96  304.26  300.54   0.00  339.90  365.90  274.62  345.02  338.32  305.34  
402.44  415.87  249.44  339.90   0.00  276.78  308.36  253.05  303.27  354.01  
376.52  430.80  268.33  365.90  276.78   0.00  366.00  248.53  312.65  383.44  
298.47  427.19  346.86  274.62  308.36  366.00   0.00  303.08  328.60  290.46  
362.08  417.14  251.76  345.02  253.05  248.53  303.08   0.00  293.09  369.31  
363.43  404.69  267.07  338.32  303.27  312.65  328.60  293.09   0.00  342.26  
341.13  446.67  374.97  305.34  354.01  383.44  290.46  369.31  342.26   0.00  

wX_8
 0.00  217.65  228.86  243.02  256.96  325.20  276.98  335.85  271.60  215.37  
217.65   0.00  284.73  287.16  334.52  333.81  305.00  358.82  335.05  271.25  
228.86  284.73   0.00  253.32  246.07  302.25  275.77  340.49  269.43  221.77  
243.02  287.16  253.32   0.00  222.72  301.44  283.22  318.76  266.77  221.99  
256.96  334.52  246.07  222.72   0.00  273.24  256.39  279.91  245.34  230.86  
325.20  333.81  302.25  301.44  273.24   0.00  243.85  299.49  302.00  316.15  
276.98  305.00  275.77  283.22  256.39  243.85   0.00  231.43  276.46  237.98  
335.85  358.82  340.49  318.76  279.91  299.49  231.43   0.00  337.13  314.42  
271.60  335.05  269.43  266.77  245.34  302.00  276.46  337.13   0.00  257.54  
215.37  271.25  221.77  221.99  230.86  316.15  237.98  314.42  257.54   0.00  

wX_9
 0.00  321.70  349.09  357.54  390.95  355.56  395.79  375.78  350.47  323.10  
321.70   0.00  359.39  359.32  393.25  347.37  372.73  343.57  344.56  328.67  
349.09  359.39   0.00  277.44  287.22  286.37  321.58  315.49  304.84  292.66  
357.54  359.32  277.44   0.00  266.45  279.35  365.96  329.27  342.85  296.45  
390.95  393.25  287.22  266.45   0.00  254.97  276.19  303.76  357.56  300.73  
355.56  347.37  286.37  279.35  254.97   0.00  284.41  320.30  343.84  288.49  
395.79  372.73  321.58  365.96  276.19  284.41   0.00  313.79  367.15  306.97  
375.78  343.57  315.49  329.27  303.76  320.30  313.79   0.00  355.87  301.94  
350.47  344.56  304.84  342.85  357.56  343.84  367.15  355.87   0.00  292.24  
323.10  328.67  292.66  296.45  300.73  288.49  306.97  301.94  292.24   0.00  

